Stage , Degree , In_Edges , Out_Edges , Depth
Manuf_0001 , 5 , 4 , 1 , 2
Retail_0001 , 1 , 1 , 0 , 1
Manuf_0002 , 5 , 4 , 1 , 2
Retail_0002 , 1 , 1 , 0 , 1
Manuf_0003 , 5 , 4 , 1 , 2
Retail_0003 , 1 , 1 , 0 , 1
Manuf_0004 , 5 , 4 , 1 , 2
Retail_0004 , 1 , 1 , 0 , 1
Manuf_0005 , 30 , 29 , 1 , 2
Retail_0005 , 1 , 1 , 0 , 1
Manuf_0006 , 35 , 28 , 7 , 2
Manuf_0654 , 20 , 19 , 1 , 1
Manuf_0655 , 19 , 18 , 1 , 1
Manuf_0657 , 18 , 17 , 1 , 1
Manuf_0664 , 21 , 20 , 1 , 1
Manuf_0666 , 17 , 16 , 1 , 1
Manuf_0671 , 20 , 19 , 1 , 1
Retail_0006 , 1 , 1 , 0 , 1
Manuf_0007 , 33 , 29 , 4 , 2
Manuf_0658 , 22 , 21 , 1 , 1
Manuf_0662 , 22 , 21 , 1 , 1
Manuf_0663 , 23 , 22 , 1 , 1
Retail_0007 , 1 , 1 , 0 , 1
Manuf_0008 , 33 , 28 , 5 , 2
Manuf_0661 , 23 , 22 , 1 , 1
Manuf_0665 , 22 , 21 , 1 , 1
Manuf_0667 , 20 , 19 , 1 , 1
Manuf_0672 , 21 , 20 , 1 , 1
Retail_0008 , 1 , 1 , 0 , 1
Manuf_0009 , 27 , 25 , 2 , 2
Manuf_0656 , 20 , 19 , 1 , 1
Retail_0009 , 1 , 1 , 0 , 1
Manuf_0010 , 16 , 15 , 1 , 2
Retail_0010 , 1 , 1 , 0 , 1
Manuf_0011 , 16 , 15 , 1 , 2
Retail_0011 , 1 , 1 , 0 , 1
Manuf_0012 , 16 , 15 , 1 , 2
Retail_0012 , 1 , 1 , 0 , 1
Manuf_0013 , 27 , 26 , 1 , 2
Retail_0013 , 1 , 1 , 0 , 1
Manuf_0014 , 27 , 26 , 1 , 2
Retail_0014 , 1 , 1 , 0 , 1
Manuf_0015 , 30 , 29 , 1 , 2
Retail_0015 , 1 , 1 , 0 , 1
Manuf_0016 , 29 , 28 , 1 , 2
Retail_0016 , 1 , 1 , 0 , 1
Manuf_0017 , 32 , 29 , 3 , 2
Manuf_0659 , 22 , 21 , 1 , 1
Manuf_0669 , 20 , 19 , 1 , 1
Retail_0017 , 1 , 1 , 0 , 1
Manuf_0018 , 29 , 28 , 1 , 2
Retail_0018 , 1 , 1 , 0 , 1
Manuf_0019 , 30 , 29 , 1 , 2
Retail_0019 , 1 , 1 , 0 , 1
Manuf_0020 , 28 , 26 , 2 , 2
Manuf_0660 , 20 , 19 , 1 , 1
Retail_0020 , 1 , 1 , 0 , 1
Manuf_0021 , 30 , 29 , 1 , 2
Retail_0021 , 1 , 1 , 0 , 1
Manuf_0022 , 29 , 28 , 1 , 2
Retail_0022 , 1 , 1 , 0 , 1
Manuf_0023 , 30 , 29 , 1 , 2
Retail_0023 , 1 , 1 , 0 , 1
Manuf_0024 , 30 , 28 , 2 , 2
Manuf_0670 , 22 , 21 , 1 , 1
Retail_0024 , 1 , 1 , 0 , 1
Manuf_0025 , 27 , 26 , 1 , 2
Retail_0025 , 1 , 1 , 0 , 1
Manuf_0026 , 21 , 20 , 1 , 2
Retail_0026 , 1 , 1 , 0 , 1
Manuf_0027 , 22 , 20 , 2 , 2
Manuf_0668 , 18 , 17 , 1 , 1
Retail_0027 , 1 , 1 , 0 , 1
Manuf_0028 , 21 , 20 , 1 , 2
Retail_0028 , 1 , 1 , 0 , 1
Manuf_0029 , 16 , 15 , 1 , 2
Retail_0029 , 1 , 1 , 0 , 1
Manuf_0030 , 21 , 20 , 1 , 2
Retail_0030 , 1 , 1 , 0 , 1
Manuf_0031 , 31 , 30 , 1 , 2
Retail_0031 , 1 , 1 , 0 , 1
Manuf_0032 , 33 , 32 , 1 , 2
Retail_0032 , 1 , 1 , 0 , 1
Manuf_0033 , 31 , 30 , 1 , 2
Retail_0033 , 1 , 1 , 0 , 1
Manuf_0034 , 36 , 32 , 4 , 2
Manuf_0593 , 22 , 22 , 0 , 1
Manuf_0616 , 21 , 21 , 0 , 1
Manuf_0629 , 22 , 22 , 0 , 1
Retail_0034 , 1 , 1 , 0 , 1
Manuf_0035 , 45 , 32 , 13 , 2
Manuf_0594 , 24 , 24 , 0 , 1
Manuf_0600 , 24 , 24 , 0 , 1
Manuf_0602 , 24 , 24 , 0 , 1
Manuf_0604 , 24 , 24 , 0 , 1
Manuf_0607 , 25 , 25 , 0 , 1
Manuf_0609 , 24 , 24 , 0 , 1
Manuf_0611 , 23 , 23 , 0 , 1
Manuf_0617 , 26 , 26 , 0 , 1
Manuf_0618 , 24 , 24 , 0 , 1
Manuf_0622 , 26 , 26 , 0 , 1
Manuf_0634 , 24 , 24 , 0 , 1
Manuf_0637 , 23 , 23 , 0 , 1
Retail_0035 , 1 , 1 , 0 , 1
Manuf_0036 , 40 , 32 , 8 , 2
Manuf_0592 , 25 , 25 , 0 , 1
Manuf_0601 , 23 , 23 , 0 , 1
Manuf_0608 , 22 , 22 , 0 , 1
Manuf_0613 , 23 , 23 , 0 , 1
Manuf_0619 , 23 , 23 , 0 , 1
Manuf_0641 , 25 , 25 , 0 , 1
Manuf_0642 , 23 , 23 , 0 , 1
Retail_0036 , 1 , 1 , 0 , 1
Manuf_0037 , 30 , 29 , 1 , 2
Retail_0037 , 1 , 1 , 0 , 1
Manuf_0038 , 34 , 29 , 5 , 2
Manuf_0633 , 22 , 22 , 0 , 1
Manuf_0639 , 21 , 21 , 0 , 1
Manuf_0644 , 22 , 22 , 0 , 1
Manuf_0650 , 24 , 24 , 0 , 1
Retail_0038 , 1 , 1 , 0 , 1
Manuf_0039 , 34 , 32 , 2 , 2
Manuf_0603 , 24 , 24 , 0 , 1
Retail_0039 , 1 , 1 , 0 , 1
Manuf_0040 , 30 , 29 , 1 , 2
Retail_0040 , 1 , 1 , 0 , 1
Manuf_0041 , 29 , 28 , 1 , 2
Retail_0041 , 1 , 1 , 0 , 1
Manuf_0042 , 39 , 32 , 7 , 2
Manuf_0598 , 27 , 27 , 0 , 1
Manuf_0599 , 27 , 27 , 0 , 1
Manuf_0612 , 27 , 27 , 0 , 1
Manuf_0627 , 26 , 26 , 0 , 1
Manuf_0631 , 26 , 26 , 0 , 1
Manuf_0632 , 28 , 28 , 0 , 1
Retail_0042 , 1 , 1 , 0 , 1
Manuf_0043 , 32 , 31 , 1 , 2
Retail_0043 , 1 , 1 , 0 , 1
Manuf_0044 , 33 , 32 , 1 , 2
Retail_0044 , 1 , 1 , 0 , 1
Manuf_0045 , 32 , 31 , 1 , 2
Retail_0045 , 1 , 1 , 0 , 1
Manuf_0046 , 48 , 33 , 15 , 2
Manuf_0588 , 27 , 27 , 0 , 1
Manuf_0589 , 28 , 28 , 0 , 1
Manuf_0595 , 30 , 30 , 0 , 1
Manuf_0605 , 28 , 28 , 0 , 1
Manuf_0606 , 26 , 26 , 0 , 1
Manuf_0614 , 26 , 26 , 0 , 1
Manuf_0620 , 28 , 28 , 0 , 1
Manuf_0623 , 28 , 28 , 0 , 1
Manuf_0624 , 26 , 26 , 0 , 1
Manuf_0626 , 27 , 27 , 0 , 1
Manuf_0636 , 28 , 28 , 0 , 1
Manuf_0643 , 28 , 28 , 0 , 1
Manuf_0651 , 27 , 27 , 0 , 1
Manuf_0652 , 26 , 26 , 0 , 1
Retail_0046 , 1 , 1 , 0 , 1
Manuf_0047 , 33 , 32 , 1 , 2
Retail_0047 , 1 , 1 , 0 , 1
Manuf_0048 , 38 , 33 , 5 , 2
Manuf_0610 , 28 , 28 , 0 , 1
Manuf_0621 , 26 , 26 , 0 , 1
Manuf_0625 , 27 , 27 , 0 , 1
Manuf_0647 , 26 , 26 , 0 , 1
Retail_0048 , 1 , 1 , 0 , 1
Manuf_0049 , 34 , 32 , 2 , 2
Manuf_0596 , 27 , 27 , 0 , 1
Retail_0049 , 1 , 1 , 0 , 1
Manuf_0050 , 33 , 32 , 1 , 2
Retail_0050 , 1 , 1 , 0 , 1
Manuf_0051 , 34 , 32 , 2 , 2
Manuf_0597 , 25 , 25 , 0 , 1
Retail_0051 , 1 , 1 , 0 , 1
Manuf_0052 , 35 , 32 , 3 , 2
Manuf_0590 , 23 , 23 , 0 , 1
Manuf_0653 , 21 , 21 , 0 , 1
Retail_0052 , 1 , 1 , 0 , 1
Manuf_0053 , 30 , 26 , 4 , 2
Manuf_0615 , 23 , 23 , 0 , 1
Manuf_0638 , 23 , 23 , 0 , 1
Manuf_0649 , 23 , 23 , 0 , 1
Retail_0053 , 1 , 1 , 0 , 1
Manuf_0054 , 34 , 27 , 7 , 2
Manuf_0591 , 24 , 24 , 0 , 1
Manuf_0630 , 21 , 21 , 0 , 1
Manuf_0635 , 23 , 23 , 0 , 1
Manuf_0640 , 22 , 22 , 0 , 1
Manuf_0646 , 22 , 22 , 0 , 1
Manuf_0648 , 22 , 22 , 0 , 1
Retail_0054 , 1 , 1 , 0 , 1
Manuf_0055 , 23 , 20 , 3 , 2
Manuf_0628 , 26 , 26 , 0 , 1
Manuf_0645 , 25 , 25 , 0 , 1
Retail_0055 , 1 , 1 , 0 , 1
Manuf_0056 , 5 , 4 , 1 , 2
Retail_0056 , 1 , 1 , 0 , 1
Manuf_0057 , 16 , 15 , 1 , 2
Retail_0057 , 1 , 1 , 0 , 1
Manuf_0058 , 17 , 16 , 1 , 2
Retail_0058 , 1 , 1 , 0 , 1
Manuf_0059 , 15 , 14 , 1 , 2
Retail_0059 , 1 , 1 , 0 , 1
Manuf_0060 , 12 , 11 , 1 , 2
Retail_0060 , 1 , 1 , 0 , 1
Manuf_0061 , 9 , 8 , 1 , 2
Retail_0061 , 1 , 1 , 0 , 1
Manuf_0062 , 11 , 10 , 1 , 2
Retail_0062 , 1 , 1 , 0 , 1
Manuf_0063 , 2 , 1 , 1 , 2
Retail_0063 , 1 , 1 , 0 , 1
Manuf_0064 , 2 , 1 , 1 , 2
Retail_0064 , 1 , 1 , 0 , 1
Manuf_0065 , 7 , 2 , 5 , 2
Retail_0065 , 1 , 1 , 0 , 1
Manuf_0066 , 2 , 1 , 1 , 2
Retail_0066 , 1 , 1 , 0 , 1
Manuf_0067 , 2 , 1 , 1 , 2
Retail_0067 , 1 , 1 , 0 , 1
Manuf_0068 , 2 , 1 , 1 , 2
Retail_0068 , 1 , 1 , 0 , 1
Manuf_0069 , 2 , 1 , 1 , 2
Retail_0069 , 1 , 1 , 0 , 1
Manuf_0070 , 2 , 1 , 1 , 2
Retail_0070 , 1 , 1 , 0 , 1
Manuf_0071 , 3 , 2 , 1 , 2
Retail_0071 , 1 , 1 , 0 , 1
Manuf_0072 , 2 , 1 , 1 , 2
Retail_0072 , 1 , 1 , 0 , 1
Manuf_0073 , 2 , 1 , 1 , 2
Retail_0073 , 1 , 1 , 0 , 1
Manuf_0074 , 37 , 1 , 36 , 2
Retail_0074 , 1 , 1 , 0 , 1
Manuf_0075 , 56 , 1 , 55 , 2
Retail_0075 , 1 , 1 , 0 , 1
Manuf_0076 , 2 , 1 , 1 , 2
Retail_0076 , 1 , 1 , 0 , 1
Manuf_0077 , 5 , 1 , 4 , 2
Retail_0077 , 1 , 1 , 0 , 1
Manuf_0078 , 2 , 1 , 1 , 2
Retail_0078 , 1 , 1 , 0 , 1
Manuf_0079 , 16 , 2 , 14 , 2
Retail_0079 , 1 , 1 , 0 , 1
Manuf_0080 , 7 , 1 , 6 , 2
Retail_0080 , 1 , 1 , 0 , 1
Manuf_0081 , 2 , 1 , 1 , 2
Retail_0081 , 1 , 1 , 0 , 1
Manuf_0082 , 2 , 1 , 1 , 2
Retail_0082 , 1 , 1 , 0 , 1
Manuf_0083 , 3 , 1 , 2 , 2
Retail_0083 , 1 , 1 , 0 , 1
Manuf_0084 , 2 , 1 , 1 , 2
Retail_0084 , 1 , 1 , 0 , 1
Manuf_0085 , 2 , 1 , 1 , 2
Retail_0085 , 1 , 1 , 0 , 1
Manuf_0086 , 34 , 2 , 32 , 2
Retail_0086 , 1 , 1 , 0 , 1
Manuf_0087 , 3 , 1 , 2 , 2
Retail_0087 , 1 , 1 , 0 , 1
Manuf_0088 , 2 , 1 , 1 , 2
Retail_0088 , 1 , 1 , 0 , 1
Manuf_0089 , 3 , 1 , 2 , 2
Retail_0089 , 1 , 1 , 0 , 1
Manuf_0090 , 2 , 1 , 1 , 2
Retail_0090 , 1 , 1 , 0 , 1
Manuf_0091 , 2 , 1 , 1 , 2
Retail_0091 , 1 , 1 , 0 , 1
Manuf_0092 , 22 , 3 , 19 , 2
Retail_0092 , 1 , 1 , 0 , 1
Manuf_0093 , 2 , 1 , 1 , 2
Retail_0093 , 1 , 1 , 0 , 1
Manuf_0094 , 17 , 1 , 16 , 2
Retail_0094 , 1 , 1 , 0 , 1
Manuf_0095 , 29 , 2 , 27 , 2
Retail_0095 , 1 , 1 , 0 , 1
Manuf_0096 , 18 , 2 , 16 , 2
Retail_0096 , 1 , 1 , 0 , 1
Manuf_0097 , 2 , 1 , 1 , 2
Retail_0097 , 1 , 1 , 0 , 1
Manuf_0098 , 2 , 1 , 1 , 2
Retail_0098 , 1 , 1 , 0 , 1
Manuf_0099 , 2 , 1 , 1 , 2
Retail_0099 , 1 , 1 , 0 , 1
Manuf_0100 , 9 , 2 , 7 , 2
Retail_0100 , 1 , 1 , 0 , 1
Manuf_0101 , 3 , 2 , 1 , 2
Retail_0101 , 1 , 1 , 0 , 1
Manuf_0102 , 3 , 2 , 1 , 2
Retail_0102 , 1 , 1 , 0 , 1
Manuf_0103 , 29 , 1 , 28 , 2
Retail_0103 , 1 , 1 , 0 , 1
Manuf_0104 , 13 , 1 , 12 , 2
Retail_0104 , 1 , 1 , 0 , 1
Manuf_0105 , 2 , 1 , 1 , 2
Retail_0105 , 1 , 1 , 0 , 1
Manuf_0106 , 37 , 2 , 35 , 2
Retail_0106 , 1 , 1 , 0 , 1
Manuf_0107 , 3 , 2 , 1 , 2
Retail_0107 , 1 , 1 , 0 , 1
Manuf_0108 , 3 , 2 , 1 , 2
Retail_0108 , 1 , 1 , 0 , 1
Manuf_0109 , 16 , 1 , 15 , 2
Retail_0109 , 1 , 1 , 0 , 1
Manuf_0110 , 8 , 1 , 7 , 2
Retail_0110 , 1 , 1 , 0 , 1
Manuf_0111 , 2 , 1 , 1 , 2
Retail_0111 , 1 , 1 , 0 , 1
Manuf_0112 , 2 , 1 , 1 , 2
Retail_0112 , 1 , 1 , 0 , 1
Manuf_0113 , 5 , 1 , 4 , 2
Retail_0113 , 1 , 1 , 0 , 1
Manuf_0114 , 5 , 1 , 4 , 2
Retail_0114 , 1 , 1 , 0 , 1
Manuf_0115 , 8 , 1 , 7 , 2
Retail_0115 , 1 , 1 , 0 , 1
Manuf_0116 , 14 , 1 , 13 , 2
Retail_0116 , 1 , 1 , 0 , 1
Manuf_0117 , 2 , 1 , 1 , 2
Retail_0117 , 1 , 1 , 0 , 1
Manuf_0118 , 26 , 2 , 24 , 2
Retail_0118 , 1 , 1 , 0 , 1
Manuf_0119 , 7 , 2 , 5 , 2
Retail_0119 , 1 , 1 , 0 , 1
Manuf_0120 , 9 , 6 , 3 , 2
Retail_0120 , 1 , 1 , 0 , 1
Manuf_0121 , 9 , 5 , 4 , 2
Retail_0121 , 1 , 1 , 0 , 1
Manuf_0122 , 2 , 1 , 1 , 2
Retail_0122 , 1 , 1 , 0 , 1
Manuf_0123 , 2 , 1 , 1 , 2
Retail_0123 , 1 , 1 , 0 , 1
Manuf_0124 , 8 , 2 , 6 , 2
Retail_0124 , 1 , 1 , 0 , 1
Manuf_0125 , 2 , 1 , 1 , 2
Retail_0125 , 1 , 1 , 0 , 1
Manuf_0126 , 2 , 1 , 1 , 2
Retail_0126 , 1 , 1 , 0 , 1
Manuf_0127 , 2 , 1 , 1 , 2
Retail_0127 , 1 , 1 , 0 , 1
Manuf_0128 , 4 , 2 , 2 , 2
Retail_0128 , 1 , 1 , 0 , 1
Manuf_0129 , 3 , 2 , 1 , 2
Retail_0129 , 1 , 1 , 0 , 1
Manuf_0130 , 5 , 1 , 4 , 2
Retail_0130 , 1 , 1 , 0 , 1
Manuf_0131 , 2 , 1 , 1 , 2
Retail_0131 , 1 , 1 , 0 , 1
Manuf_0132 , 4 , 1 , 3 , 2
Retail_0132 , 1 , 1 , 0 , 1
Manuf_0133 , 2 , 1 , 1 , 2
Retail_0133 , 1 , 1 , 0 , 1
Manuf_0134 , 15 , 1 , 14 , 2
Retail_0134 , 1 , 1 , 0 , 1
Manuf_0135 , 22 , 1 , 21 , 2
Retail_0135 , 1 , 1 , 0 , 1
Manuf_0136 , 2 , 1 , 1 , 2
Retail_0136 , 1 , 1 , 0 , 1
Manuf_0137 , 2 , 1 , 1 , 2
Retail_0137 , 1 , 1 , 0 , 1
Manuf_0138 , 14 , 2 , 12 , 2
Retail_0138 , 1 , 1 , 0 , 1
Manuf_0139 , 19 , 2 , 17 , 2
Retail_0139 , 1 , 1 , 0 , 1
Manuf_0140 , 4 , 2 , 2 , 2
Retail_0140 , 1 , 1 , 0 , 1
Manuf_0141 , 3 , 2 , 1 , 2
Retail_0141 , 1 , 1 , 0 , 1
Manuf_0142 , 3 , 2 , 1 , 2
Retail_0142 , 1 , 1 , 0 , 1
Manuf_0143 , 28 , 1 , 27 , 2
Retail_0143 , 1 , 1 , 0 , 1
Manuf_0144 , 2 , 1 , 1 , 2
Retail_0144 , 1 , 1 , 0 , 1
Manuf_0145 , 8 , 2 , 6 , 2
Retail_0145 , 1 , 1 , 0 , 1
Manuf_0146 , 2 , 1 , 1 , 2
Retail_0146 , 1 , 1 , 0 , 1
Manuf_0147 , 3 , 1 , 2 , 2
Retail_0147 , 1 , 1 , 0 , 1
Manuf_0148 , 2 , 1 , 1 , 2
Retail_0148 , 1 , 1 , 0 , 1
Manuf_0149 , 2 , 1 , 1 , 2
Retail_0149 , 1 , 1 , 0 , 1
Manuf_0150 , 2 , 1 , 1 , 2
Retail_0150 , 1 , 1 , 0 , 1
Manuf_0151 , 6 , 1 , 5 , 2
Retail_0151 , 1 , 1 , 0 , 1
Manuf_0152 , 5 , 1 , 4 , 2
Retail_0152 , 1 , 1 , 0 , 1
Manuf_0153 , 8 , 1 , 7 , 2
Retail_0153 , 1 , 1 , 0 , 1
Manuf_0154 , 4 , 1 , 3 , 2
Retail_0154 , 1 , 1 , 0 , 1
Manuf_0155 , 6 , 5 , 1 , 2
Retail_0155 , 1 , 1 , 0 , 1
Manuf_0156 , 20 , 6 , 14 , 2
Retail_0156 , 1 , 1 , 0 , 1
Manuf_0157 , 6 , 1 , 5 , 2
Retail_0157 , 1 , 1 , 0 , 1
Manuf_0158 , 2 , 1 , 1 , 2
Retail_0158 , 1 , 1 , 0 , 1
Manuf_0159 , 2 , 1 , 1 , 2
Retail_0159 , 1 , 1 , 0 , 1
Manuf_0160 , 2 , 1 , 1 , 2
Retail_0160 , 1 , 1 , 0 , 1
Manuf_0161 , 2 , 1 , 1 , 2
Retail_0161 , 1 , 1 , 0 , 1
Manuf_0162 , 2 , 1 , 1 , 2
Retail_0162 , 1 , 1 , 0 , 1
Manuf_0163 , 5 , 1 , 4 , 2
Retail_0163 , 1 , 1 , 0 , 1
Manuf_0164 , 2 , 1 , 1 , 2
Retail_0164 , 1 , 1 , 0 , 1
Manuf_0165 , 7 , 1 , 6 , 2
Retail_0165 , 1 , 1 , 0 , 1
Manuf_0166 , 2 , 1 , 1 , 2
Retail_0166 , 1 , 1 , 0 , 1
Manuf_0167 , 2 , 1 , 1 , 2
Retail_0167 , 1 , 1 , 0 , 1
Manuf_0168 , 2 , 1 , 1 , 2
Retail_0168 , 1 , 1 , 0 , 1
Manuf_0169 , 2 , 1 , 1 , 2
Retail_0169 , 1 , 1 , 0 , 1
Manuf_0170 , 2 , 1 , 1 , 2
Retail_0170 , 1 , 1 , 0 , 1
Manuf_0171 , 3 , 1 , 2 , 2
Retail_0171 , 1 , 1 , 0 , 1
Manuf_0172 , 2 , 1 , 1 , 2
Retail_0172 , 1 , 1 , 0 , 1
Manuf_0173 , 4 , 1 , 3 , 2
Retail_0173 , 1 , 1 , 0 , 1
Manuf_0174 , 6 , 1 , 5 , 2
Retail_0174 , 1 , 1 , 0 , 1
Manuf_0175 , 3 , 1 , 2 , 2
Retail_0175 , 1 , 1 , 0 , 1
Manuf_0176 , 6 , 1 , 5 , 2
Retail_0176 , 1 , 1 , 0 , 1
Manuf_0177 , 2 , 1 , 1 , 2
Retail_0177 , 1 , 1 , 0 , 1
Manuf_0178 , 14 , 1 , 13 , 2
Retail_0178 , 1 , 1 , 0 , 1
Manuf_0179 , 5 , 1 , 4 , 2
Retail_0179 , 1 , 1 , 0 , 1
Manuf_0180 , 4 , 1 , 3 , 2
Retail_0180 , 1 , 1 , 0 , 1
Manuf_0181 , 3 , 1 , 2 , 2
Retail_0181 , 1 , 1 , 0 , 1
Manuf_0182 , 2 , 1 , 1 , 2
Retail_0182 , 1 , 1 , 0 , 1
Manuf_0183 , 2 , 1 , 1 , 2
Retail_0183 , 1 , 1 , 0 , 1
Manuf_0184 , 3 , 2 , 1 , 2
Retail_0184 , 1 , 1 , 0 , 1
Manuf_0185 , 2 , 1 , 1 , 2
Retail_0185 , 1 , 1 , 0 , 1
Manuf_0186 , 19 , 1 , 18 , 2
Retail_0186 , 1 , 1 , 0 , 1
Manuf_0187 , 3 , 1 , 2 , 2
Retail_0187 , 1 , 1 , 0 , 1
Manuf_0188 , 3 , 1 , 2 , 2
Retail_0188 , 1 , 1 , 0 , 1
Manuf_0189 , 2 , 1 , 1 , 2
Retail_0189 , 1 , 1 , 0 , 1
Manuf_0190 , 2 , 1 , 1 , 2
Retail_0190 , 1 , 1 , 0 , 1
Manuf_0191 , 2 , 1 , 1 , 2
Retail_0191 , 1 , 1 , 0 , 1
Manuf_0192 , 2 , 1 , 1 , 2
Retail_0192 , 1 , 1 , 0 , 1
Manuf_0193 , 2 , 1 , 1 , 2
Retail_0193 , 1 , 1 , 0 , 1
Manuf_0194 , 2 , 1 , 1 , 2
Retail_0194 , 1 , 1 , 0 , 1
Manuf_0195 , 2 , 1 , 1 , 2
Retail_0195 , 1 , 1 , 0 , 1
Manuf_0196 , 3 , 2 , 1 , 2
Retail_0196 , 1 , 1 , 0 , 1
Manuf_0197 , 2 , 1 , 1 , 2
Retail_0197 , 1 , 1 , 0 , 1
Manuf_0198 , 2 , 1 , 1 , 2
Retail_0198 , 1 , 1 , 0 , 1
Manuf_0199 , 2 , 1 , 1 , 2
Retail_0199 , 1 , 1 , 0 , 1
Manuf_0200 , 2 , 1 , 1 , 2
Retail_0200 , 1 , 1 , 0 , 1
Manuf_0201 , 2 , 1 , 1 , 2
Retail_0201 , 1 , 1 , 0 , 1
Manuf_0202 , 3 , 1 , 2 , 2
Retail_0202 , 1 , 1 , 0 , 1
Manuf_0203 , 9 , 1 , 8 , 2
Retail_0203 , 1 , 1 , 0 , 1
Manuf_0204 , 5 , 1 , 4 , 2
Retail_0204 , 1 , 1 , 0 , 1
Manuf_0205 , 2 , 1 , 1 , 2
Retail_0205 , 1 , 1 , 0 , 1
Manuf_0206 , 6 , 1 , 5 , 2
Retail_0206 , 1 , 1 , 0 , 1
Manuf_0207 , 2 , 1 , 1 , 2
Retail_0207 , 1 , 1 , 0 , 1
Manuf_0208 , 2 , 1 , 1 , 2
Retail_0208 , 1 , 1 , 0 , 1
Manuf_0209 , 3 , 1 , 2 , 2
Retail_0209 , 1 , 1 , 0 , 1
Manuf_0210 , 4 , 1 , 3 , 2
Retail_0210 , 1 , 1 , 0 , 1
Manuf_0211 , 2 , 1 , 1 , 2
Retail_0211 , 1 , 1 , 0 , 1
Manuf_0212 , 2 , 1 , 1 , 2
Retail_0212 , 1 , 1 , 0 , 1
Manuf_0213 , 22 , 1 , 21 , 2
Retail_0213 , 1 , 1 , 0 , 1
Manuf_0214 , 2 , 1 , 1 , 2
Retail_0214 , 1 , 1 , 0 , 1
Manuf_0215 , 4 , 1 , 3 , 2
Retail_0215 , 1 , 1 , 0 , 1
Manuf_0216 , 2 , 1 , 1 , 2
Retail_0216 , 1 , 1 , 0 , 1
Manuf_0217 , 2 , 1 , 1 , 2
Retail_0217 , 1 , 1 , 0 , 1
Manuf_0218 , 2 , 1 , 1 , 2
Retail_0218 , 1 , 1 , 0 , 1
Manuf_0219 , 9 , 1 , 8 , 2
Retail_0219 , 1 , 1 , 0 , 1
Manuf_0220 , 7 , 1 , 6 , 2
Retail_0220 , 1 , 1 , 0 , 1
Manuf_0221 , 16 , 2 , 14 , 2
Retail_0221 , 1 , 1 , 0 , 1
Manuf_0222 , 2 , 1 , 1 , 2
Retail_0222 , 1 , 1 , 0 , 1
Manuf_0223 , 2 , 1 , 1 , 2
Retail_0223 , 1 , 1 , 0 , 1
Manuf_0224 , 2 , 1 , 1 , 2
Retail_0224 , 1 , 1 , 0 , 1
Manuf_0225 , 2 , 1 , 1 , 2
Retail_0225 , 1 , 1 , 0 , 1
Manuf_0226 , 2 , 1 , 1 , 2
Retail_0226 , 1 , 1 , 0 , 1
Manuf_0227 , 2 , 1 , 1 , 2
Retail_0227 , 1 , 1 , 0 , 1
Manuf_0228 , 2 , 1 , 1 , 2
Retail_0228 , 1 , 1 , 0 , 1
Manuf_0229 , 2 , 1 , 1 , 2
Retail_0229 , 1 , 1 , 0 , 1
Manuf_0230 , 3 , 2 , 1 , 2
Retail_0230 , 1 , 1 , 0 , 1
Manuf_0231 , 4 , 1 , 3 , 2
Retail_0231 , 1 , 1 , 0 , 1
Manuf_0232 , 2 , 1 , 1 , 2
Retail_0232 , 1 , 1 , 0 , 1
Manuf_0233 , 2 , 1 , 1 , 2
Retail_0233 , 1 , 1 , 0 , 1
Manuf_0234 , 14 , 2 , 12 , 2
Retail_0234 , 1 , 1 , 0 , 1
Manuf_0235 , 6 , 2 , 4 , 2
Retail_0235 , 1 , 1 , 0 , 1
Manuf_0236 , 6 , 1 , 5 , 2
Retail_0236 , 1 , 1 , 0 , 1
Manuf_0237 , 19 , 2 , 17 , 2
Retail_0237 , 1 , 1 , 0 , 1
Manuf_0238 , 2 , 1 , 1 , 2
Retail_0238 , 1 , 1 , 0 , 1
Manuf_0239 , 2 , 1 , 1 , 2
Retail_0239 , 1 , 1 , 0 , 1
Manuf_0240 , 2 , 1 , 1 , 2
Retail_0240 , 1 , 1 , 0 , 1
Manuf_0241 , 2 , 1 , 1 , 2
Retail_0241 , 1 , 1 , 0 , 1
Manuf_0242 , 26 , 1 , 25 , 2
Retail_0242 , 1 , 1 , 0 , 1
Manuf_0243 , 2 , 1 , 1 , 2
Retail_0243 , 1 , 1 , 0 , 1
Manuf_0244 , 15 , 1 , 14 , 2
Retail_0244 , 1 , 1 , 0 , 1
Manuf_0245 , 3 , 1 , 2 , 2
Retail_0245 , 1 , 1 , 0 , 1
Manuf_0246 , 4 , 1 , 3 , 2
Retail_0246 , 1 , 1 , 0 , 1
Manuf_0247 , 2 , 1 , 1 , 2
Retail_0247 , 1 , 1 , 0 , 1
Manuf_0248 , 4 , 1 , 3 , 2
Retail_0248 , 1 , 1 , 0 , 1
Manuf_0249 , 2 , 1 , 1 , 2
Retail_0249 , 1 , 1 , 0 , 1
Manuf_0250 , 5 , 1 , 4 , 2
Retail_0250 , 1 , 1 , 0 , 1
Manuf_0251 , 2 , 1 , 1 , 2
Retail_0251 , 1 , 1 , 0 , 1
Manuf_0252 , 2 , 1 , 1 , 2
Retail_0252 , 1 , 1 , 0 , 1
Manuf_0253 , 13 , 2 , 11 , 2
Retail_0253 , 1 , 1 , 0 , 1
Manuf_0254 , 5 , 2 , 3 , 2
Retail_0254 , 1 , 1 , 0 , 1
Manuf_0255 , 6 , 2 , 4 , 2
Retail_0255 , 1 , 1 , 0 , 1
Manuf_0256 , 11 , 2 , 9 , 2
Retail_0256 , 1 , 1 , 0 , 1
Manuf_0257 , 3 , 2 , 1 , 2
Retail_0257 , 1 , 1 , 0 , 1
Manuf_0258 , 2 , 1 , 1 , 2
Retail_0258 , 1 , 1 , 0 , 1
Manuf_0259 , 2 , 1 , 1 , 2
Retail_0259 , 1 , 1 , 0 , 1
Manuf_0260 , 2 , 1 , 1 , 2
Retail_0260 , 1 , 1 , 0 , 1
Manuf_0261 , 4 , 3 , 1 , 2
Retail_0261 , 1 , 1 , 0 , 1
Manuf_0262 , 6 , 3 , 3 , 2
Retail_0262 , 1 , 1 , 0 , 1
Manuf_0263 , 2 , 1 , 1 , 2
Retail_0263 , 1 , 1 , 0 , 1
Manuf_0264 , 2 , 1 , 1 , 2
Retail_0264 , 1 , 1 , 0 , 1
Manuf_0265 , 9 , 2 , 7 , 2
Retail_0265 , 1 , 1 , 0 , 1
Manuf_0266 , 2 , 1 , 1 , 2
Retail_0266 , 1 , 1 , 0 , 1
Manuf_0267 , 2 , 1 , 1 , 2
Retail_0267 , 1 , 1 , 0 , 1
Manuf_0268 , 5 , 2 , 3 , 2
Retail_0268 , 1 , 1 , 0 , 1
Manuf_0269 , 2 , 1 , 1 , 2
Retail_0269 , 1 , 1 , 0 , 1
Manuf_0270 , 14 , 2 , 12 , 2
Retail_0270 , 1 , 1 , 0 , 1
Manuf_0271 , 2 , 1 , 1 , 2
Retail_0271 , 1 , 1 , 0 , 1
Manuf_0272 , 2 , 1 , 1 , 2
Retail_0272 , 1 , 1 , 0 , 1
Manuf_0273 , 4 , 2 , 2 , 2
Retail_0273 , 1 , 1 , 0 , 1
Manuf_0274 , 5 , 2 , 3 , 2
Retail_0274 , 1 , 1 , 0 , 1
Manuf_0275 , 7 , 2 , 5 , 2
Retail_0275 , 1 , 1 , 0 , 1
Manuf_0276 , 2 , 1 , 1 , 2
Retail_0276 , 1 , 1 , 0 , 1
Manuf_0277 , 3 , 1 , 2 , 2
Retail_0277 , 1 , 1 , 0 , 1
Manuf_0278 , 2 , 1 , 1 , 2
Retail_0278 , 1 , 1 , 0 , 1
Manuf_0279 , 3 , 1 , 2 , 2
Retail_0279 , 1 , 1 , 0 , 1
Manuf_0280 , 2 , 1 , 1 , 2
Retail_0280 , 1 , 1 , 0 , 1
Manuf_0281 , 2 , 1 , 1 , 2
Retail_0281 , 1 , 1 , 0 , 1
Manuf_0282 , 2 , 1 , 1 , 2
Retail_0282 , 1 , 1 , 0 , 1
Manuf_0283 , 2 , 1 , 1 , 2
Retail_0283 , 1 , 1 , 0 , 1
Manuf_0284 , 2 , 1 , 1 , 2
Retail_0284 , 1 , 1 , 0 , 1
Manuf_0285 , 2 , 1 , 1 , 2
Retail_0285 , 1 , 1 , 0 , 1
Manuf_0286 , 2 , 1 , 1 , 2
Retail_0286 , 1 , 1 , 0 , 1
Manuf_0287 , 2 , 1 , 1 , 2
Retail_0287 , 1 , 1 , 0 , 1
Manuf_0288 , 8 , 2 , 6 , 2
Retail_0288 , 1 , 1 , 0 , 1
Manuf_0289 , 2 , 1 , 1 , 2
Retail_0289 , 1 , 1 , 0 , 1
Manuf_0290 , 2 , 1 , 1 , 2
Retail_0290 , 1 , 1 , 0 , 1
Manuf_0291 , 2 , 1 , 1 , 2
Retail_0291 , 1 , 1 , 0 , 1
Manuf_0292 , 14 , 1 , 13 , 2
Retail_0292 , 1 , 1 , 0 , 1
Manuf_0293 , 32 , 1 , 31 , 2
Retail_0293 , 1 , 1 , 0 , 1
Manuf_0294 , 5 , 2 , 3 , 2
Retail_0294 , 1 , 1 , 0 , 1
Manuf_0295 , 15 , 3 , 12 , 2
Retail_0295 , 1 , 1 , 0 , 1
Manuf_0296 , 27 , 2 , 25 , 2
Retail_0296 , 1 , 1 , 0 , 1
Manuf_0297 , 21 , 2 , 19 , 2
Retail_0297 , 1 , 1 , 0 , 1
Manuf_0298 , 2 , 1 , 1 , 2
Retail_0298 , 1 , 1 , 0 , 1
Manuf_0299 , 3 , 1 , 2 , 2
Retail_0299 , 1 , 1 , 0 , 1
Manuf_0300 , 13 , 2 , 11 , 2
Retail_0300 , 1 , 1 , 0 , 1
Manuf_0301 , 3 , 1 , 2 , 2
Retail_0301 , 1 , 1 , 0 , 1
Manuf_0302 , 2 , 1 , 1 , 2
Retail_0302 , 1 , 1 , 0 , 1
Manuf_0303 , 2 , 1 , 1 , 2
Retail_0303 , 1 , 1 , 0 , 1
Manuf_0304 , 18 , 1 , 17 , 2
Retail_0304 , 1 , 1 , 0 , 1
Manuf_0305 , 2 , 1 , 1 , 2
Retail_0305 , 1 , 1 , 0 , 1
Manuf_0306 , 6 , 1 , 5 , 2
Retail_0306 , 1 , 1 , 0 , 1
Manuf_0307 , 2 , 1 , 1 , 2
Retail_0307 , 1 , 1 , 0 , 1
Manuf_0308 , 2 , 1 , 1 , 2
Retail_0308 , 1 , 1 , 0 , 1
Manuf_0309 , 2 , 1 , 1 , 2
Retail_0309 , 1 , 1 , 0 , 1
Manuf_0310 , 2 , 1 , 1 , 2
Retail_0310 , 1 , 1 , 0 , 1
Manuf_0311 , 2 , 1 , 1 , 2
Retail_0311 , 1 , 1 , 0 , 1
Manuf_0312 , 2 , 1 , 1 , 2
Retail_0312 , 1 , 1 , 0 , 1
Manuf_0313 , 4 , 1 , 3 , 2
Retail_0313 , 1 , 1 , 0 , 1
Manuf_0314 , 2 , 1 , 1 , 2
Retail_0314 , 1 , 1 , 0 , 1
Manuf_0315 , 2 , 1 , 1 , 2
Retail_0315 , 1 , 1 , 0 , 1
Manuf_0316 , 2 , 1 , 1 , 2
Retail_0316 , 1 , 1 , 0 , 1
Manuf_0317 , 2 , 1 , 1 , 2
Retail_0317 , 1 , 1 , 0 , 1
Manuf_0318 , 2 , 1 , 1 , 2
Retail_0318 , 1 , 1 , 0 , 1
Manuf_0319 , 2 , 1 , 1 , 2
Retail_0319 , 1 , 1 , 0 , 1
Manuf_0320 , 2 , 1 , 1 , 2
Retail_0320 , 1 , 1 , 0 , 1
Manuf_0321 , 17 , 1 , 16 , 2
Retail_0321 , 1 , 1 , 0 , 1
Manuf_0322 , 13 , 6 , 7 , 2
Retail_0322 , 1 , 1 , 0 , 1
Manuf_0323 , 18 , 6 , 12 , 2
Retail_0323 , 1 , 1 , 0 , 1
Manuf_0324 , 21 , 7 , 14 , 2
Retail_0324 , 1 , 1 , 0 , 1
Manuf_0325 , 14 , 7 , 7 , 2
Retail_0325 , 1 , 1 , 0 , 1
Manuf_0326 , 5 , 1 , 4 , 2
Retail_0326 , 1 , 1 , 0 , 1
Manuf_0327 , 11 , 1 , 10 , 2
Retail_0327 , 1 , 1 , 0 , 1
Manuf_0328 , 10 , 1 , 9 , 2
Retail_0328 , 1 , 1 , 0 , 1
Manuf_0329 , 2 , 1 , 1 , 2
Retail_0329 , 1 , 1 , 0 , 1
Manuf_0330 , 2 , 1 , 1 , 2
Retail_0330 , 1 , 1 , 0 , 1
Manuf_0331 , 2 , 1 , 1 , 2
Retail_0331 , 1 , 1 , 0 , 1
Manuf_0332 , 2 , 1 , 1 , 2
Retail_0332 , 1 , 1 , 0 , 1
Manuf_0333 , 13 , 1 , 12 , 2
Retail_0333 , 1 , 1 , 0 , 1
Manuf_0334 , 2 , 1 , 1 , 2
Retail_0334 , 1 , 1 , 0 , 1
Manuf_0335 , 2 , 1 , 1 , 2
Retail_0335 , 1 , 1 , 0 , 1
Manuf_0336 , 2 , 1 , 1 , 2
Retail_0336 , 1 , 1 , 0 , 1
Manuf_0337 , 2 , 1 , 1 , 2
Retail_0337 , 1 , 1 , 0 , 1
Manuf_0338 , 3 , 1 , 2 , 2
Retail_0338 , 1 , 1 , 0 , 1
Manuf_0339 , 2 , 1 , 1 , 2
Retail_0339 , 1 , 1 , 0 , 1
Manuf_0340 , 26 , 1 , 25 , 2
Retail_0340 , 1 , 1 , 0 , 1
Manuf_0341 , 2 , 1 , 1 , 2
Retail_0341 , 1 , 1 , 0 , 1
Manuf_0342 , 3 , 1 , 2 , 2
Retail_0342 , 1 , 1 , 0 , 1
Manuf_0343 , 8 , 1 , 7 , 2
Retail_0343 , 1 , 1 , 0 , 1
Manuf_0344 , 2 , 1 , 1 , 2
Retail_0344 , 1 , 1 , 0 , 1
Manuf_0345 , 3 , 1 , 2 , 2
Retail_0345 , 1 , 1 , 0 , 1
Manuf_0346 , 8 , 2 , 6 , 2
Retail_0346 , 1 , 1 , 0 , 1
Manuf_0347 , 15 , 2 , 13 , 2
Retail_0347 , 1 , 1 , 0 , 1
Manuf_0348 , 3 , 2 , 1 , 2
Retail_0348 , 1 , 1 , 0 , 1
Manuf_0349 , 3 , 2 , 1 , 2
Retail_0349 , 1 , 1 , 0 , 1
Manuf_0350 , 3 , 2 , 1 , 2
Retail_0350 , 1 , 1 , 0 , 1
Manuf_0351 , 2 , 1 , 1 , 2
Retail_0351 , 1 , 1 , 0 , 1
Manuf_0352 , 8 , 1 , 7 , 2
Retail_0352 , 1 , 1 , 0 , 1
Manuf_0353 , 27 , 1 , 26 , 2
Retail_0353 , 1 , 1 , 0 , 1
Manuf_0354 , 5 , 1 , 4 , 2
Retail_0354 , 1 , 1 , 0 , 1
Manuf_0355 , 5 , 1 , 4 , 2
Retail_0355 , 1 , 1 , 0 , 1
Manuf_0356 , 21 , 1 , 20 , 2
Retail_0356 , 1 , 1 , 0 , 1
Manuf_0357 , 6 , 2 , 4 , 2
Retail_0357 , 1 , 1 , 0 , 1
Manuf_0358 , 22 , 2 , 20 , 2
Retail_0358 , 1 , 1 , 0 , 1
Manuf_0359 , 6 , 2 , 4 , 2
Retail_0359 , 1 , 1 , 0 , 1
Manuf_0360 , 6 , 2 , 4 , 2
Retail_0360 , 1 , 1 , 0 , 1
Manuf_0361 , 3 , 2 , 1 , 2
Retail_0361 , 1 , 1 , 0 , 1
Manuf_0362 , 3 , 2 , 1 , 2
Retail_0362 , 1 , 1 , 0 , 1
Manuf_0363 , 24 , 1 , 23 , 2
Retail_0363 , 1 , 1 , 0 , 1
Manuf_0364 , 5 , 1 , 4 , 2
Retail_0364 , 1 , 1 , 0 , 1
Manuf_0365 , 5 , 1 , 4 , 2
Retail_0365 , 1 , 1 , 0 , 1
Manuf_0366 , 22 , 2 , 20 , 2
Retail_0366 , 1 , 1 , 0 , 1
Manuf_0367 , 5 , 1 , 4 , 2
Retail_0367 , 1 , 1 , 0 , 1
Manuf_0368 , 27 , 1 , 26 , 2
Retail_0368 , 1 , 1 , 0 , 1
Manuf_0369 , 4 , 1 , 3 , 2
Retail_0369 , 1 , 1 , 0 , 1
Manuf_0370 , 4 , 1 , 3 , 2
Retail_0370 , 1 , 1 , 0 , 1
Manuf_0371 , 2 , 1 , 1 , 2
Retail_0371 , 1 , 1 , 0 , 1
Manuf_0372 , 28 , 2 , 26 , 2
Retail_0372 , 1 , 1 , 0 , 1
Manuf_0373 , 6 , 2 , 4 , 2
Retail_0373 , 1 , 1 , 0 , 1
Manuf_0374 , 2 , 1 , 1 , 2
Retail_0374 , 1 , 1 , 0 , 1
Manuf_0375 , 27 , 1 , 26 , 2
Retail_0375 , 1 , 1 , 0 , 1
Manuf_0376 , 5 , 1 , 4 , 2
Retail_0376 , 1 , 1 , 0 , 1
Manuf_0377 , 20 , 1 , 19 , 2
Retail_0377 , 1 , 1 , 0 , 1
Manuf_0378 , 4 , 1 , 3 , 2
Retail_0378 , 1 , 1 , 0 , 1
Manuf_0379 , 20 , 1 , 19 , 2
Retail_0379 , 1 , 1 , 0 , 1
Manuf_0380 , 4 , 1 , 3 , 2
Retail_0380 , 1 , 1 , 0 , 1
Manuf_0381 , 23 , 2 , 21 , 2
Retail_0381 , 1 , 1 , 0 , 1
Manuf_0382 , 7 , 2 , 5 , 2
Retail_0382 , 1 , 1 , 0 , 1
Manuf_0383 , 3 , 2 , 1 , 2
Retail_0383 , 1 , 1 , 0 , 1
Manuf_0384 , 4 , 2 , 2 , 2
Retail_0384 , 1 , 1 , 0 , 1
Manuf_0385 , 3 , 2 , 1 , 2
Retail_0385 , 1 , 1 , 0 , 1
Manuf_0386 , 2 , 1 , 1 , 2
Retail_0386 , 1 , 1 , 0 , 1
Manuf_0387 , 27 , 1 , 26 , 2
Retail_0387 , 1 , 1 , 0 , 1
Manuf_0388 , 5 , 1 , 4 , 2
Retail_0388 , 1 , 1 , 0 , 1
Manuf_0389 , 10 , 3 , 7 , 2
Retail_0389 , 1 , 1 , 0 , 1
Manuf_0390 , 5 , 4 , 1 , 2
Retail_0390 , 1 , 1 , 0 , 1
Manuf_0391 , 5 , 4 , 1 , 2
Retail_0391 , 1 , 1 , 0 , 1
Manuf_0392 , 25 , 5 , 20 , 2
Retail_0392 , 1 , 1 , 0 , 1
Manuf_0393 , 9 , 5 , 4 , 2
Retail_0393 , 1 , 1 , 0 , 1
Manuf_0394 , 27 , 1 , 26 , 2
Retail_0394 , 1 , 1 , 0 , 1
Manuf_0395 , 5 , 1 , 4 , 2
Retail_0395 , 1 , 1 , 0 , 1
Manuf_0396 , 2 , 1 , 1 , 2
Retail_0396 , 1 , 1 , 0 , 1
Manuf_0397 , 2 , 1 , 1 , 2
Retail_0397 , 1 , 1 , 0 , 1
Manuf_0398 , 20 , 1 , 19 , 2
Retail_0398 , 1 , 1 , 0 , 1
Manuf_0399 , 4 , 1 , 3 , 2
Retail_0399 , 1 , 1 , 0 , 1
Manuf_0400 , 9 , 1 , 8 , 2
Retail_0400 , 1 , 1 , 0 , 1
Manuf_0401 , 3 , 1 , 2 , 2
Retail_0401 , 1 , 1 , 0 , 1
Manuf_0402 , 2 , 1 , 1 , 2
Retail_0402 , 1 , 1 , 0 , 1
Manuf_0403 , 2 , 1 , 1 , 2
Retail_0403 , 1 , 1 , 0 , 1
Manuf_0404 , 2 , 1 , 1 , 2
Retail_0404 , 1 , 1 , 0 , 1
Manuf_0405 , 7 , 1 , 6 , 2
Retail_0405 , 1 , 1 , 0 , 1
Manuf_0406 , 2 , 1 , 1 , 2
Retail_0406 , 1 , 1 , 0 , 1
Manuf_0407 , 7 , 2 , 5 , 2
Retail_0407 , 1 , 1 , 0 , 1
Manuf_0408 , 3 , 2 , 1 , 2
Retail_0408 , 1 , 1 , 0 , 1
Manuf_0409 , 2 , 1 , 1 , 2
Retail_0409 , 1 , 1 , 0 , 1
Manuf_0410 , 11 , 3 , 8 , 2
Retail_0410 , 1 , 1 , 0 , 1
Manuf_0411 , 5 , 3 , 2 , 2
Retail_0411 , 1 , 1 , 0 , 1
Manuf_0412 , 9 , 3 , 6 , 2
Retail_0412 , 1 , 1 , 0 , 1
Manuf_0413 , 5 , 3 , 2 , 2
Retail_0413 , 1 , 1 , 0 , 1
Manuf_0414 , 5 , 3 , 2 , 2
Retail_0414 , 1 , 1 , 0 , 1
Manuf_0415 , 4 , 3 , 1 , 2
Retail_0415 , 1 , 1 , 0 , 1
Manuf_0416 , 7 , 3 , 4 , 2
Retail_0416 , 1 , 1 , 0 , 1
Manuf_0417 , 5 , 3 , 2 , 2
Retail_0417 , 1 , 1 , 0 , 1
Manuf_0418 , 3 , 1 , 2 , 2
Retail_0418 , 1 , 1 , 0 , 1
Manuf_0419 , 3 , 1 , 2 , 2
Retail_0419 , 1 , 1 , 0 , 1
Manuf_0420 , 2 , 1 , 1 , 2
Retail_0420 , 1 , 1 , 0 , 1
Manuf_0421 , 2 , 1 , 1 , 2
Retail_0421 , 1 , 1 , 0 , 1
Manuf_0422 , 4 , 2 , 2 , 2
Retail_0422 , 1 , 1 , 0 , 1
Manuf_0423 , 3 , 1 , 2 , 2
Retail_0423 , 1 , 1 , 0 , 1
Manuf_0424 , 10 , 2 , 8 , 2
Retail_0424 , 1 , 1 , 0 , 1
Manuf_0425 , 3 , 1 , 2 , 2
Retail_0425 , 1 , 1 , 0 , 1
Manuf_0426 , 3 , 2 , 1 , 2
Retail_0426 , 1 , 1 , 0 , 1
Manuf_0427 , 2 , 1 , 1 , 2
Retail_0427 , 1 , 1 , 0 , 1
Manuf_0428 , 4 , 2 , 2 , 2
Retail_0428 , 1 , 1 , 0 , 1
Manuf_0429 , 3 , 1 , 2 , 2
Retail_0429 , 1 , 1 , 0 , 1
Manuf_0430 , 9 , 2 , 7 , 2
Retail_0430 , 1 , 1 , 0 , 1
Manuf_0431 , 2 , 1 , 1 , 2
Retail_0431 , 1 , 1 , 0 , 1
Manuf_0432 , 4 , 2 , 2 , 2
Retail_0432 , 1 , 1 , 0 , 1
Manuf_0433 , 2 , 1 , 1 , 2
Retail_0433 , 1 , 1 , 0 , 1
Manuf_0434 , 2 , 1 , 1 , 2
Retail_0434 , 1 , 1 , 0 , 1
Manuf_0435 , 3 , 2 , 1 , 2
Retail_0435 , 1 , 1 , 0 , 1
Manuf_0436 , 3 , 2 , 1 , 2
Retail_0436 , 1 , 1 , 0 , 1
Manuf_0437 , 2 , 1 , 1 , 2
Retail_0437 , 1 , 1 , 0 , 1
Manuf_0438 , 5 , 2 , 3 , 2
Retail_0438 , 1 , 1 , 0 , 1
Manuf_0439 , 2 , 1 , 1 , 2
Retail_0439 , 1 , 1 , 0 , 1
Manuf_0440 , 10 , 2 , 8 , 2
Retail_0440 , 1 , 1 , 0 , 1
Manuf_0441 , 2 , 1 , 1 , 2
Retail_0441 , 1 , 1 , 0 , 1
Manuf_0442 , 3 , 1 , 2 , 2
Retail_0442 , 1 , 1 , 0 , 1
Manuf_0443 , 3 , 1 , 2 , 2
Retail_0443 , 1 , 1 , 0 , 1
Manuf_0444 , 5 , 1 , 4 , 2
Retail_0444 , 1 , 1 , 0 , 1
Manuf_0445 , 3 , 2 , 1 , 2
Retail_0445 , 1 , 1 , 0 , 1
Manuf_0446 , 2 , 1 , 1 , 2
Retail_0446 , 1 , 1 , 0 , 1
Manuf_0447 , 2 , 1 , 1 , 2
Retail_0447 , 1 , 1 , 0 , 1
Manuf_0448 , 2 , 1 , 1 , 2
Retail_0448 , 1 , 1 , 0 , 1
Manuf_0449 , 5 , 1 , 4 , 2
Retail_0449 , 1 , 1 , 0 , 1
Manuf_0450 , 2 , 1 , 1 , 2
Retail_0450 , 1 , 1 , 0 , 1
Manuf_0451 , 3 , 2 , 1 , 2
Retail_0451 , 1 , 1 , 0 , 1
Manuf_0452 , 3 , 2 , 1 , 2
Retail_0452 , 1 , 1 , 0 , 1
Manuf_0453 , 25 , 1 , 24 , 2
Retail_0453 , 1 , 1 , 0 , 1
Manuf_0454 , 5 , 1 , 4 , 2
Retail_0454 , 1 , 1 , 0 , 1
Manuf_0455 , 27 , 2 , 25 , 2
Retail_0455 , 1 , 1 , 0 , 1
Manuf_0456 , 8 , 1 , 7 , 2
Retail_0456 , 1 , 1 , 0 , 1
Manuf_0457 , 4 , 1 , 3 , 2
Retail_0457 , 1 , 1 , 0 , 1
Manuf_0458 , 4 , 2 , 2 , 2
Retail_0458 , 1 , 1 , 0 , 1
Manuf_0459 , 9 , 1 , 8 , 2
Retail_0459 , 1 , 1 , 0 , 1
Manuf_0460 , 3 , 1 , 2 , 2
Retail_0460 , 1 , 1 , 0 , 1
Manuf_0461 , 6 , 2 , 4 , 2
Retail_0461 , 1 , 1 , 0 , 1
Manuf_0462 , 9 , 1 , 8 , 2
Retail_0462 , 1 , 1 , 0 , 1
Manuf_0463 , 3 , 1 , 2 , 2
Retail_0463 , 1 , 1 , 0 , 1
Manuf_0464 , 2 , 1 , 1 , 2
Retail_0464 , 1 , 1 , 0 , 1
Manuf_0465 , 2 , 1 , 1 , 2
Retail_0465 , 1 , 1 , 0 , 1
Manuf_0466 , 2 , 1 , 1 , 2
Retail_0466 , 1 , 1 , 0 , 1
Manuf_0467 , 7 , 2 , 5 , 2
Retail_0467 , 1 , 1 , 0 , 1
Manuf_0468 , 3 , 2 , 1 , 2
Retail_0468 , 1 , 1 , 0 , 1
Manuf_0469 , 2 , 1 , 1 , 2
Retail_0469 , 1 , 1 , 0 , 1
Manuf_0470 , 2 , 1 , 1 , 2
Retail_0470 , 1 , 1 , 0 , 1
Manuf_0471 , 2 , 1 , 1 , 2
Retail_0471 , 1 , 1 , 0 , 1
Manuf_0472 , 2 , 1 , 1 , 2
Retail_0472 , 1 , 1 , 0 , 1
Manuf_0473 , 2 , 1 , 1 , 2
Retail_0473 , 1 , 1 , 0 , 1
Manuf_0474 , 2 , 1 , 1 , 2
Retail_0474 , 1 , 1 , 0 , 1
Manuf_0475 , 2 , 1 , 1 , 2
Retail_0475 , 1 , 1 , 0 , 1
Manuf_0476 , 2 , 1 , 1 , 2
Retail_0476 , 1 , 1 , 0 , 1
Manuf_0477 , 2 , 1 , 1 , 2
Retail_0477 , 1 , 1 , 0 , 1
Manuf_0478 , 3 , 1 , 2 , 2
Retail_0478 , 1 , 1 , 0 , 1
Manuf_0479 , 2 , 1 , 1 , 2
Retail_0479 , 1 , 1 , 0 , 1
Manuf_0480 , 2 , 1 , 1 , 2
Retail_0480 , 1 , 1 , 0 , 1
Manuf_0481 , 2 , 1 , 1 , 2
Retail_0481 , 1 , 1 , 0 , 1
Manuf_0482 , 2 , 1 , 1 , 2
Retail_0482 , 1 , 1 , 0 , 1
Manuf_0483 , 2 , 1 , 1 , 2
Retail_0483 , 1 , 1 , 0 , 1
Manuf_0484 , 2 , 1 , 1 , 2
Retail_0484 , 1 , 1 , 0 , 1
Manuf_0485 , 2 , 1 , 1 , 2
Retail_0485 , 1 , 1 , 0 , 1
Manuf_0486 , 3 , 1 , 2 , 2
Retail_0486 , 1 , 1 , 0 , 1
Manuf_0487 , 2 , 1 , 1 , 2
Retail_0487 , 1 , 1 , 0 , 1
Manuf_0488 , 2 , 1 , 1 , 2
Retail_0488 , 1 , 1 , 0 , 1
Manuf_0489 , 2 , 1 , 1 , 2
Retail_0489 , 1 , 1 , 0 , 1
Manuf_0490 , 2 , 1 , 1 , 2
Retail_0490 , 1 , 1 , 0 , 1
Manuf_0491 , 2 , 1 , 1 , 2
Retail_0491 , 1 , 1 , 0 , 1
Manuf_0492 , 2 , 1 , 1 , 2
Retail_0492 , 1 , 1 , 0 , 1
Manuf_0493 , 2 , 1 , 1 , 2
Retail_0493 , 1 , 1 , 0 , 1
Manuf_0494 , 4 , 1 , 3 , 2
Retail_0494 , 1 , 1 , 0 , 1
Manuf_0495 , 2 , 1 , 1 , 2
Retail_0495 , 1 , 1 , 0 , 1
Manuf_0496 , 10 , 1 , 9 , 2
Retail_0496 , 1 , 1 , 0 , 1
Manuf_0497 , 3 , 1 , 2 , 2
Retail_0497 , 1 , 1 , 0 , 1
Manuf_0498 , 2 , 1 , 1 , 2
Retail_0498 , 1 , 1 , 0 , 1
Manuf_0499 , 2 , 1 , 1 , 2
Retail_0499 , 1 , 1 , 0 , 1
Manuf_0500 , 2 , 1 , 1 , 2
Retail_0500 , 1 , 1 , 0 , 1
Manuf_0501 , 2 , 1 , 1 , 2
Retail_0501 , 1 , 1 , 0 , 1
Manuf_0502 , 25 , 2 , 23 , 2
Retail_0502 , 1 , 1 , 0 , 1
Manuf_0503 , 6 , 2 , 4 , 2
Retail_0503 , 1 , 1 , 0 , 1
Manuf_0504 , 3 , 1 , 2 , 2
Retail_0504 , 1 , 1 , 0 , 1
Manuf_0505 , 2 , 1 , 1 , 2
Retail_0505 , 1 , 1 , 0 , 1
Manuf_0506 , 2 , 1 , 1 , 2
Retail_0506 , 1 , 1 , 0 , 1
Manuf_0507 , 2 , 1 , 1 , 2
Retail_0507 , 1 , 1 , 0 , 1
Manuf_0508 , 4 , 1 , 3 , 2
Retail_0508 , 1 , 1 , 0 , 1
Manuf_0509 , 3 , 1 , 2 , 2
Retail_0509 , 1 , 1 , 0 , 1
Manuf_0510 , 27 , 1 , 26 , 2
Retail_0510 , 1 , 1 , 0 , 1
Manuf_0511 , 5 , 1 , 4 , 2
Retail_0511 , 1 , 1 , 0 , 1
Manuf_0512 , 2 , 1 , 1 , 2
Retail_0512 , 1 , 1 , 0 , 1
Manuf_0513 , 2 , 1 , 1 , 2
Retail_0513 , 1 , 1 , 0 , 1
Manuf_0514 , 2 , 1 , 1 , 2
Retail_0514 , 1 , 1 , 0 , 1
Manuf_0515 , 2 , 1 , 1 , 2
Retail_0515 , 1 , 1 , 0 , 1
Manuf_0516 , 2 , 1 , 1 , 2
Retail_0516 , 1 , 1 , 0 , 1
Manuf_0517 , 27 , 1 , 26 , 2
Retail_0517 , 1 , 1 , 0 , 1
Manuf_0518 , 2 , 1 , 1 , 2
Retail_0518 , 1 , 1 , 0 , 1
Manuf_0519 , 2 , 1 , 1 , 2
Retail_0519 , 1 , 1 , 0 , 1
Manuf_0520 , 27 , 1 , 26 , 2
Retail_0520 , 1 , 1 , 0 , 1
Manuf_0521 , 4 , 1 , 3 , 2
Retail_0521 , 1 , 1 , 0 , 1
Manuf_0522 , 2 , 1 , 1 , 2
Retail_0522 , 1 , 1 , 0 , 1
Manuf_0523 , 3 , 1 , 2 , 2
Retail_0523 , 1 , 1 , 0 , 1
Manuf_0524 , 3 , 1 , 2 , 2
Retail_0524 , 1 , 1 , 0 , 1
Manuf_0525 , 2 , 1 , 1 , 2
Retail_0525 , 1 , 1 , 0 , 1
Manuf_0526 , 2 , 1 , 1 , 2
Retail_0526 , 1 , 1 , 0 , 1
Manuf_0527 , 3 , 1 , 2 , 2
Retail_0527 , 1 , 1 , 0 , 1
Manuf_0528 , 2 , 1 , 1 , 2
Retail_0528 , 1 , 1 , 0 , 1
Manuf_0529 , 8 , 1 , 7 , 2
Retail_0529 , 1 , 1 , 0 , 1
Manuf_0530 , 4 , 1 , 3 , 2
Retail_0530 , 1 , 1 , 0 , 1
Manuf_0531 , 11 , 1 , 10 , 2
Retail_0531 , 1 , 1 , 0 , 1
Manuf_0532 , 3 , 1 , 2 , 2
Retail_0532 , 1 , 1 , 0 , 1
Manuf_0533 , 2 , 1 , 1 , 2
Retail_0533 , 1 , 1 , 0 , 1
Manuf_0534 , 2 , 1 , 1 , 2
Retail_0534 , 1 , 1 , 0 , 1
Manuf_0535 , 10 , 1 , 9 , 2
Retail_0535 , 1 , 1 , 0 , 1
Manuf_0536 , 27 , 3 , 24 , 2
Retail_0536 , 1 , 1 , 0 , 1
Manuf_0537 , 5 , 3 , 2 , 2
Retail_0537 , 1 , 1 , 0 , 1
Manuf_0538 , 7 , 1 , 6 , 2
Retail_0538 , 1 , 1 , 0 , 1
Manuf_0539 , 4 , 1 , 3 , 2
Retail_0539 , 1 , 1 , 0 , 1
Manuf_0540 , 3 , 1 , 2 , 2
Retail_0540 , 1 , 1 , 0 , 1
Manuf_0541 , 16 , 1 , 15 , 2
Retail_0541 , 1 , 1 , 0 , 1
Manuf_0542 , 2 , 1 , 1 , 2
Retail_0542 , 1 , 1 , 0 , 1
Manuf_0543 , 2 , 1 , 1 , 2
Retail_0543 , 1 , 1 , 0 , 1
Manuf_0544 , 2 , 1 , 1 , 2
Retail_0544 , 1 , 1 , 0 , 1
Manuf_0545 , 2 , 1 , 1 , 2
Retail_0545 , 1 , 1 , 0 , 1
Manuf_0546 , 3 , 1 , 2 , 2
Retail_0546 , 1 , 1 , 0 , 1
Manuf_0547 , 4 , 1 , 3 , 2
Retail_0547 , 1 , 1 , 0 , 1
Manuf_0548 , 2 , 1 , 1 , 2
Retail_0548 , 1 , 1 , 0 , 1
Manuf_0549 , 2 , 1 , 1 , 2
Retail_0549 , 1 , 1 , 0 , 1
Manuf_0550 , 2 , 1 , 1 , 2
Retail_0550 , 1 , 1 , 0 , 1
Manuf_0551 , 3 , 1 , 2 , 2
Retail_0551 , 1 , 1 , 0 , 1
Manuf_0552 , 2 , 1 , 1 , 2
Retail_0552 , 1 , 1 , 0 , 1
Manuf_0553 , 2 , 1 , 1 , 2
Retail_0553 , 1 , 1 , 0 , 1
Manuf_0554 , 2 , 1 , 1 , 2
Retail_0554 , 1 , 1 , 0 , 1
Manuf_0555 , 2 , 1 , 1 , 2
Retail_0555 , 1 , 1 , 0 , 1
Manuf_0556 , 2 , 1 , 1 , 2
Retail_0556 , 1 , 1 , 0 , 1
Manuf_0557 , 17 , 1 , 16 , 2
Retail_0557 , 1 , 1 , 0 , 1
Manuf_0558 , 2 , 1 , 1 , 2
Retail_0558 , 1 , 1 , 0 , 1
Manuf_0559 , 11 , 1 , 10 , 2
Retail_0559 , 1 , 1 , 0 , 1
Manuf_0560 , 3 , 1 , 2 , 2
Retail_0560 , 1 , 1 , 0 , 1
Manuf_0561 , 6 , 1 , 5 , 2
Retail_0561 , 1 , 1 , 0 , 1
Manuf_0562 , 16 , 1 , 15 , 2
Retail_0562 , 1 , 1 , 0 , 1
Manuf_0563 , 4 , 1 , 3 , 2
Retail_0563 , 1 , 1 , 0 , 1
Manuf_0564 , 3 , 1 , 2 , 2
Retail_0564 , 1 , 1 , 0 , 1
Manuf_0565 , 27 , 3 , 24 , 2
Retail_0565 , 1 , 1 , 0 , 1
Manuf_0566 , 5 , 3 , 2 , 2
Retail_0566 , 1 , 1 , 0 , 1
Manuf_0567 , 3 , 1 , 2 , 2
Retail_0567 , 1 , 1 , 0 , 1
Manuf_0568 , 2 , 1 , 1 , 2
Retail_0568 , 1 , 1 , 0 , 1
Manuf_0569 , 2 , 1 , 1 , 2
Retail_0569 , 1 , 1 , 0 , 1
Manuf_0570 , 3 , 1 , 2 , 2
Retail_0570 , 1 , 1 , 0 , 1
Manuf_0571 , 2 , 1 , 1 , 2
Retail_0571 , 1 , 1 , 0 , 1
Manuf_0572 , 4 , 2 , 2 , 2
Retail_0572 , 1 , 1 , 0 , 1
Manuf_0573 , 9 , 2 , 7 , 2
Retail_0573 , 1 , 1 , 0 , 1
Manuf_0574 , 3 , 2 , 1 , 2
Retail_0574 , 1 , 1 , 0 , 1
Manuf_0575 , 4 , 1 , 3 , 2
Retail_0575 , 1 , 1 , 0 , 1
Manuf_0576 , 2 , 1 , 1 , 2
Retail_0576 , 1 , 1 , 0 , 1
Manuf_0577 , 3 , 1 , 2 , 2
Retail_0577 , 1 , 1 , 0 , 1
Manuf_0578 , 2 , 1 , 1 , 2
Retail_0578 , 1 , 1 , 0 , 1
Manuf_0579 , 2 , 1 , 1 , 2
Retail_0579 , 1 , 1 , 0 , 1
Manuf_0580 , 2 , 1 , 1 , 2
Retail_0580 , 1 , 1 , 0 , 1
Manuf_0581 , 2 , 1 , 1 , 2
Retail_0581 , 1 , 1 , 0 , 1
Manuf_0582 , 2 , 1 , 1 , 2
Retail_0582 , 1 , 1 , 0 , 1
Manuf_0583 , 2 , 1 , 1 , 2
Retail_0583 , 1 , 1 , 0 , 1
Manuf_0584 , 27 , 2 , 25 , 2
Retail_0584 , 1 , 1 , 0 , 1
Manuf_0585 , 36 , 2 , 34 , 2
Retail_0585 , 1 , 1 , 0 , 1
Manuf_0586 , 3 , 2 , 1 , 2
Retail_0586 , 1 , 1 , 0 , 1
Manuf_0587 , 3 , 2 , 1 , 2
Retail_0587 , 1 , 1 , 0 , 1
Dist_0001 , 1 , 1 , 0 , 0
Dist_0002 , 1 , 1 , 0 , 0
Dist_0003 , 1 , 1 , 0 , 0
Dist_0004 , 1 , 1 , 0 , 0
Dist_0005 , 1 , 1 , 0 , 0
Dist_0006 , 1 , 1 , 0 , 0
Dist_0007 , 1 , 1 , 0 , 0
Dist_0008 , 1 , 1 , 0 , 0
Dist_0009 , 1 , 1 , 0 , 0
Dist_0010 , 1 , 1 , 0 , 0
Dist_0011 , 1 , 1 , 0 , 0
Dist_0012 , 1 , 1 , 0 , 0
Dist_0013 , 1 , 1 , 0 , 0
Dist_0014 , 1 , 1 , 0 , 0
Dist_0015 , 1 , 1 , 0 , 0
Dist_0016 , 1 , 1 , 0 , 0
Dist_0017 , 1 , 1 , 0 , 0
Dist_0018 , 1 , 1 , 0 , 0
Dist_0019 , 1 , 1 , 0 , 0
Part_0001 , 27 , 0 , 27 , 3
Part_0002 , 9 , 0 , 9 , 3
Part_0003 , 3 , 0 , 3 , 3
Part_0004 , 25 , 0 , 25 , 3
Part_0005 , 30 , 0 , 30 , 3
Part_0006 , 5 , 0 , 5 , 3
Part_0007 , 21 , 0 , 21 , 3
Part_0008 , 2 , 0 , 2 , 3
Part_0009 , 2 , 0 , 2 , 3
Part_0010 , 1 , 0 , 1 , 3
Part_0011 , 1 , 0 , 1 , 3
Part_0012 , 1 , 0 , 1 , 3
Part_0013 , 1 , 0 , 1 , 3
Part_0014 , 5 , 0 , 5 , 3
Part_0015 , 13 , 0 , 13 , 3
Part_0016 , 13 , 0 , 13 , 3
Part_0017 , 33 , 0 , 33 , 3
Part_0018 , 8 , 0 , 8 , 3
Part_0019 , 18 , 0 , 18 , 3
Part_0020 , 27 , 0 , 27 , 3
Part_0021 , 7 , 0 , 7 , 3
Part_0022 , 18 , 0 , 18 , 3
Part_0023 , 18 , 0 , 18 , 3
Part_0024 , 9 , 0 , 9 , 3
Part_0025 , 9 , 0 , 9 , 3
Part_0026 , 3 , 0 , 3 , 3
Part_0027 , 3 , 0 , 3 , 3
Part_0028 , 1 , 0 , 1 , 3
Part_0029 , 25 , 0 , 25 , 3
Part_0030 , 2 , 0 , 2 , 3
Part_0031 , 2 , 0 , 2 , 3
Part_0032 , 2 , 0 , 2 , 3
Part_0033 , 2 , 0 , 2 , 3
Part_0034 , 6 , 0 , 6 , 3
Part_0035 , 5 , 0 , 5 , 3
Part_0036 , 14 , 0 , 14 , 3
Part_0037 , 13 , 0 , 13 , 3
Part_0038 , 14 , 0 , 14 , 3
Part_0039 , 11 , 0 , 11 , 3
Part_0040 , 1 , 0 , 1 , 3
Part_0041 , 2 , 0 , 2 , 3
Part_0042 , 13 , 0 , 13 , 3
Part_0043 , 13 , 0 , 13 , 3
Part_0044 , 13 , 0 , 13 , 3
Part_0045 , 10 , 0 , 10 , 3
Part_0046 , 15 , 0 , 15 , 3
Part_0047 , 8 , 0 , 8 , 3
Part_0048 , 4 , 0 , 4 , 3
Part_0049 , 9 , 0 , 9 , 3
Part_0050 , 13 , 0 , 13 , 3
Part_0051 , 14 , 0 , 14 , 3
Part_0052 , 14 , 0 , 14 , 3
Part_0053 , 13 , 0 , 13 , 3
Part_0054 , 2 , 0 , 2 , 3
Part_0055 , 5 , 0 , 5 , 3
Part_0056 , 14 , 0 , 14 , 3
Part_0057 , 14 , 0 , 14 , 3
Part_0058 , 14 , 0 , 14 , 3
Part_0059 , 1 , 0 , 1 , 3
Part_0060 , 1 , 0 , 1 , 3
Part_0061 , 2 , 0 , 2 , 3
Part_0062 , 4 , 0 , 4 , 3
Part_0063 , 13 , 0 , 13 , 3
Part_0064 , 14 , 0 , 14 , 3
Part_0065 , 3 , 0 , 3 , 3
Part_0066 , 2 , 0 , 2 , 3
Part_0067 , 6 , 0 , 6 , 3
Part_0068 , 8 , 0 , 8 , 3
Part_0069 , 2 , 0 , 2 , 3
Part_0070 , 2 , 0 , 2 , 3
Part_0071 , 6 , 0 , 6 , 3
Part_0072 , 2 , 0 , 2 , 3
Part_0073 , 11 , 0 , 11 , 3
Part_0074 , 13 , 0 , 13 , 3
Part_0075 , 4 , 0 , 4 , 3
Part_0076 , 13 , 0 , 13 , 3
Part_0077 , 12 , 0 , 12 , 3
Part_0078 , 9 , 0 , 9 , 3
Part_0079 , 2 , 0 , 2 , 3
Part_0080 , 28 , 0 , 28 , 3
Part_0081 , 5 , 0 , 5 , 3
Part_0082 , 2 , 0 , 2 , 3
Part_0083 , 28 , 0 , 28 , 3
Part_0084 , 5 , 0 , 5 , 3
Part_0085 , 25 , 0 , 25 , 3
Part_0086 , 1 , 0 , 1 , 3
Part_0087 , 1 , 0 , 1 , 3
Part_0088 , 2 , 0 , 2 , 3
Part_0089 , 2 , 0 , 2 , 3
Part_0090 , 4 , 0 , 4 , 3
Part_0091 , 4 , 0 , 4 , 3
Part_0092 , 6 , 0 , 6 , 3
Part_0093 , 5 , 0 , 5 , 3
Part_0094 , 4 , 0 , 4 , 3
Part_0095 , 4 , 0 , 4 , 3
Part_0096 , 18 , 0 , 18 , 3
Part_0097 , 3 , 0 , 3 , 3
Part_0098 , 43 , 0 , 43 , 3
Part_0099 , 2 , 0 , 2 , 3
Part_0100 , 2 , 0 , 2 , 3
Part_0101 , 35 , 0 , 35 , 3
Part_0102 , 34 , 0 , 34 , 3
Part_0103 , 6 , 0 , 6 , 3
Part_0104 , 7 , 0 , 7 , 3
Part_0105 , 31 , 0 , 31 , 3
Part_0106 , 32 , 0 , 32 , 3
Part_0107 , 2 , 0 , 2 , 3
Part_0108 , 10 , 0 , 10 , 3
Part_0109 , 32 , 0 , 32 , 3
Part_0110 , 1 , 0 , 1 , 3
Part_0111 , 28 , 0 , 28 , 3
Part_0112 , 22 , 0 , 22 , 3
Part_0113 , 1 , 0 , 1 , 3
Part_0114 , 1 , 0 , 1 , 3
Part_0115 , 1 , 0 , 1 , 3
Part_0116 , 1 , 0 , 1 , 3
Part_0117 , 7 , 0 , 7 , 3
Part_0118 , 3 , 0 , 3 , 3
Part_0119 , 2 , 0 , 2 , 3
Part_0120 , 1 , 0 , 1 , 3
Part_0121 , 7 , 0 , 7 , 3
Part_0122 , 7 , 0 , 7 , 3
Part_0123 , 2 , 0 , 2 , 3
Part_0124 , 1 , 0 , 1 , 3
Part_0125 , 1 , 0 , 1 , 3
Part_0126 , 24 , 0 , 24 , 3
Part_0127 , 7 , 0 , 7 , 3
Part_0128 , 15 , 0 , 15 , 3
Part_0129 , 2 , 0 , 2 , 3
Part_0130 , 22 , 0 , 22 , 3
Part_0131 , 7 , 0 , 7 , 3
Part_0132 , 1 , 0 , 1 , 3
Part_0133 , 1 , 0 , 1 , 3
Part_0134 , 1 , 0 , 1 , 3
Part_0135 , 1 , 0 , 1 , 3
Part_0136 , 1 , 0 , 1 , 3
Part_0137 , 2 , 0 , 2 , 3
Part_0138 , 1 , 0 , 1 , 3
Part_0139 , 1 , 0 , 1 , 3
Part_0140 , 1 , 0 , 1 , 3
Part_0141 , 1 , 0 , 1 , 3
Part_0142 , 9 , 0 , 9 , 3
Part_0143 , 4 , 0 , 4 , 3
Part_0144 , 31 , 0 , 31 , 3
Part_0145 , 7 , 0 , 7 , 3
Part_0146 , 6 , 0 , 6 , 3
Part_0147 , 19 , 0 , 19 , 3
Part_0148 , 8 , 0 , 8 , 3
Part_0149 , 2 , 0 , 2 , 3
Part_0150 , 7 , 0 , 7 , 3
Part_0151 , 10 , 0 , 10 , 3
Part_0152 , 1 , 0 , 1 , 3
Part_0153 , 14 , 0 , 14 , 3
Part_0154 , 14 , 0 , 14 , 3
Part_0155 , 3 , 0 , 3 , 3
Part_0156 , 1 , 0 , 1 , 3
Part_0157 , 1 , 0 , 1 , 3
Part_0158 , 1 , 0 , 1 , 3
Part_0159 , 13 , 0 , 13 , 3
Part_0160 , 13 , 0 , 13 , 3
Part_0161 , 2 , 0 , 2 , 3
Part_0162 , 2 , 0 , 2 , 3
Part_0163 , 2 , 0 , 2 , 3
Part_0164 , 2 , 0 , 2 , 3
Part_0165 , 6 , 0 , 6 , 3
Part_0166 , 6 , 0 , 6 , 3
Part_0167 , 6 , 0 , 6 , 3
Part_0168 , 16 , 0 , 16 , 3
Part_0169 , 11 , 0 , 11 , 3
Part_0170 , 7 , 0 , 7 , 3
Part_0171 , 61 , 0 , 61 , 3
Part_0172 , 42 , 0 , 42 , 3
Part_0173 , 587 , 0 , 587 , 3
